1234
1234
1233
1232
1232
1231
1230
1228
1227
1227
1224
1224
1224
1224
1222
1222
1222
1220
1219
1219
1218
1217
1216
1216
1213
1211
1210
1209
1208
1206
1205
1204
1202
1200
1200
1200
1198
1196
1195
1195
1195
1193
1192
1192
1192
1192
1192
1188
1188
1184
1183
1182
1182
1181
1180
1179
1178
1178
1178
1178
1176
1176
1175
1174
1174
1174
1173
1172
1172
1172
1170
1170
1169
1169
1168
1168
1167
1167
1167
1166
1165
1164
1162
1160
1159
1159
1156
1155
1154
1154
1153
1153
1152
1148
1146
1143
1142
1141
1140
1140
1139
1133
1131
1129
1129
1129
1127
1124
1123
1122
1121
1120
1119
1117
1117
1116
1115
1115
1114
1109
1107
1100
1098
1097
1096
1096
1095
1093
1093
1092
1091
1091
1090
1085
1085
1085
1085
1085
1083
1082
1082
1078
1078
1076
1075
1075
1074
1074
1074
1072
1072
1071
1071
1069
1067
1067
1066
1065
1061
1058
1057
1057
1056
1050
1049
1046
1045
1042
1041
1040
1039
1039
1038
1037
1036
1035
1035
1035
1034
1034
1030
1029
1028
1026
1026
1023
1023
1019
1017
1015
1013
1013
1010
1010
1009
1009
1009
1007
1006
1005
1003
998
996
996
995
995
994
994
992
991
991
989
988
984
984
983
981
981
978
977
976
976
975
972
970
970
969
968
968
968
967
965
965
964
964
963
963
962
961
961
959
959
959
955
953
953
953
953
953
950
949
947
947
947
946
946
945
943
942
941
938
938
937
937
934
934
932
932
931
929
928
926
926
926
922
922
921
921
920
919
916
915
909
909
908
907
906
904
903
900
899
898
898
898
897
896
895
893
893
893
892
892
892
891
889
887
887
886
886
880
879
879
878
874
874
873
872
872
871
869
868
866
866
866
861
858
857
857
857
856
856
855
854
850
850
848
847
846
846
846
846
844
839
838
837
836
834
833
832
830
829
829
828
827
827
826
826
825
825
822
820
818
818
815
812
810
808
807
807
804
804
800
798
795
792
791
789
788
787
784
784
784
783
782
781
780
778
778
777
777
776
774
770
769
767
767
764
763
762
761
758
757
756
755
753
752
747
747
747
747
743
742
741
736
735
734
734
733
730
729
729
728
728
727
726
726
725
723
723
719
718
715
714
712
712
710
709
708
708
703
703
701
701
701
701
700
699
697
694
694
690
688
688
688
688
687
686
684
683
682
677
676
676
675
675
672
671
668
668
668
667
667
666
665
665
663
657
656
655
655
653
653
651
649
649
647
646
644
642
642
640
638
638
634
633
628
625
624
621
620
619
618
617
617
616
616
615
606
606
604
602
602
601
601
600
600
600
596
596
595
595
594
592
591
591
588
586
584
581
580
579
577
577
577
577
576
575
574
573
573
571
569
569
567
567
565
563
562
561
557
553
553
552
550
548
548
548
547
547
547
546
544
541
538
537
537
537
536
535
535
535
533
532
532
529
529
529
528
528
528
527
525
525
525
525
524
523
522
519
518
517
517
516
516
515
515
512
512
511
511
510
508
506
506
506
506
506
504
504
504
502
502
501
500
499
499
498
497
495
494
494
492
490
488
487
486
486
483
483
482
481
481
481
478
477
475
474
473
472
472
471
471
468
464
460
460
458
457
457
457
454
453
452
446
444
442
439
436
433
433
429
427
425
425
425
422
422
421
420
420
419
419
417
416
415
415
414
413
412
412
412
411
409
408
403
401
398
397
397
396
396
395
394
393
392
392
392
387
385
383
382
382
379
374
373
372
371
371
370
369
367
367
366
362
361
361
361
359
358
358
357
356
356
355
354
354
350
350
349
349
348
347
345
344
344
344
342
340
340
340
336
336
336
335
335
333
333
332
332
330
330
328
326
325
324
323
322
320
318
318
316
316
313
312
312
311
311
311
308
306
306
304
303
301
301
299
298
298
297
297
296
295
291
291
291
289
286
286
285
285
284
283
281
280
280
278
278
278
277
275
273
272
267
263
263
262
261
261
258
258
254
253
253
253
253
249
249
248
248
248
248
247
244
243
239
239
238
237
236
236
232
231
230
229
229
228
226
225
224
223
221
220
219
214
211
209
208
207
207
207
203
200
200
199
199
199
199
198
198
197
196
195
193
191
189
188
187
187
185
183
182
180
180
179
178
177
177
176
175
173
171
171
171
169
168
165
164
164
163
161
161
160
159
158
157
157
157
155
152
152
150
146
144
141
137
133
132
132
128
125
124
124
122
121
121
121
119
118
118
118
117
115
113
111
110
107
107
107
107
106
105
103
102
101
100
98
98
95
93
92
92
92
90
90
89
87
85
84
83
82
81
79
79
77
77
76
76
75
74
70
69
69
67
66
66
65
63
63
63
62
58
56
56
55
52
48
45
44
44
44
43
41
40
33
33
33
32
31
26
15
14
13
11
8
7
5
4
3
1
1
